117.44133953	-79.6718065933
116.191489723	-79.7510451491
114.921029976	-79.8245136424
113.631120362	-79.8920802087
112.323046536	-79.9536202093
110.998216528	-80.0090172202
109.658155688	-80.0581639996
108.304499757	-80.1009634165
106.938986068	-80.1373293234
105.563442952	-80.1671873554
104.17977746	-80.1904756395
102.78996158	-80.2071453978
101.396017191	-80.2171614328
100 -80.2205024818
98.604 -80.2171614328
97.21 -80.2071453978
95.8202 -80.1904756395
94.4366 -80.1671873554
93.061 -80.1373293234
91.6955 -80.1009634165
90.3418 -80.0581639996
89.0018 -80.0090172202
87.677 -79.9536202093
86.3689 -79.8920802087
85.079 -79.8245136424
83.8085 -79.7510451491
82.5587 -79.6718065933
10.5291 -3.07561648696
10.4757 -2.84169345888
10.4232 -2.60749702937
10.3718 -2.37303556932
10.3213 -2.13831745886
10.2718 -1.90335108656
10.2233 -1.66814484869
10.1757 -1.43270714848
10.1292 -1.19704639537
10.0836 -0.961171004222
10.039 -0.725089394613
9.99534 -0.488809990058
9.95268 -0.252341217273
9.91101 -0.0156915054294
9.87031 0.221130714594
9.83059 0.458117010951
9.79185 0.695258951569
9.75409 0.932548104884
9.71731 1.16997604058
9.6815 1.40753433033
9.64668 1.6452145485
9.61283 1.88300827291
9.57996 2.12090708554
9.54807 2.35890257325
9.51716 2.5969863285
9.48722 2.83514995009
9.45827 3.07338504384
-62.5796 79.6596244757
-63.866 79.7150833288
-65.1647 79.7663890655
-66.4749 79.8134743813
-67.7958 79.8562763281
-69.1263 79.8947366819
-70.4657 79.9288022929
-71.813 79.9584254146
-73.1669 79.9835640064
-74.5266 80.0041820073
-75.8909 80.0202495733
-77.2587 80.0317432785
-78.6287 80.0386462739
-80 80.0409484035
-81.3713 80.0386462739
-82.7413 80.0317432785
-84.1091 80.0202495733
-85.4734 80.0041820073
-86.8331 79.9835640064
-88.187 79.9584254146
-89.5343 79.9288022929
-90.8737 79.8947366819
-92.2042 79.8562763281
-93.5251 79.8134743813
-94.8353 79.7663890655
-96.134 79.7150833288
-97.4204 79.6596244757
-169.458 3.07338504384
-169.487 2.83514995009
-169.517 2.5969863285
-169.548 2.35890257325
-169.58 2.12090708554
-169.613 1.88300827291
-169.647 1.6452145485
-169.682 1.40753433033
-169.717 1.16997604058
-169.754 0.932548104884
-169.792 0.695258951569
-169.831 0.458117010951
-169.87 0.221130714594
-169.911 -0.0156915054294
-169.953 -0.252341217273
-169.995 -0.488809990058
-170.039 -0.725089394613
-170.084 -0.961171004222
-170.129 -1.19704639537
-170.176 -1.43270714848
-170.223 -1.66814484869
-170.272 -1.90335108656
-170.321 -2.13831745886
-170.372 -2.37303556932
-170.423 -2.60749702937
-170.476 -2.84169345888
-170.529 -3.07561648696
