95.0484384403689 3.63096897017435
94.4172135386811 2.58247837246733
95.2244710031457 2.22438196158758
96.1834367230031 1.64654259682189
96.8382306152433 0.695753837183367
97.1086332379712 0.202291448614995
97.1864492075942 -0.181459815303092
97.5113798466154 -0.711479597518168
97.9837960002076 -1.61043694851115
98.7515106475079 -2.54039928789683
99.6307335198165 -3.57010147301582
100.131331803553 -4.16029663867633
100.879943530245 -3.5244178873853
100.366341178505 -2.79277533445841
99.350239947059 -1.5280804348977
98.9165837569609 -0.699264601952362
98.7045563981696 -0.281868387743908
98.4615624195344 0.140729661479658
98.3162305391773 0.431066768602707
97.5430880883207 1.5752476728169
97.3049975525644 1.91784909994567
96.9342468004116 2.25207222015973
96.6209107440698 2.5637728770115
95.8739208555127 3.11745267130497
95.0484384403689 3.63096897017435
