      119.2408936906884 17.61597125516211
      119.2409490926293 17.71465347829429
      119.2176107296602 17.83547883722725
      119.1942331465251 17.87677560184599
      119.1975648758081 17.94987541001941
      119.227615639307 18.01661872008892
      119.2275990143864 18.07696894615562
      119.2409440650472 18.13731872761894
      119.3312021974716 18.24530823999382
      119.4717667175919 18.45166262709513
      119.5623128686141 18.59138940695398
      119.690015031401 18.75344091149203
      119.7978649352516 18.88708229998535
      119.8249319064631 18.93487494555937
      119.9164561647038 19.08163699726974
      120.08999737773 19.33972244378843
      120.164849198207 19.45106115283675
      120.2295590693063 19.53381773565437
      120.2843808219882 19.62635491046482
